(Transform "BSplineTransform")
(NumberOfParameters 308)
(TransformParameters 0.000827 -0.017769 -0.032740 -0.038683 -0.023944 0.006649 0.031887 0.042705 0.039684 0.034379 0.013346 0.005891 -0.110158 -0.226015 -0.347789 -0.407307 -0.338849 -0.133300 0.020788 0.124942 0.136608 0.062829 0.008853 -0.162042 -0.342197 -0.571784 -0.856581 -0.437533 0.153790 -0.093678 0.122379 0.171715 0.083273 0.012083 -0.230205 -0.490465 -0.905279 -1.716051 -1.136933 -0.192517 -0.232903 0.165150 0.210383 0.103073 0.013671 -0.287618 -0.607502 -1.041487 -1.327030 -1.168996 -0.993114 -0.158297 0.267915 0.207411 0.086422 0.013001 -0.322181 -0.665697 -1.033761 -0.905664 -0.937345 -0.813241 0.188528 0.331589 0.116205 0.015693 0.010534 -0.328763 -0.659260 -0.943287 -0.877818 -0.966450 0.327567 1.168640 0.277582 -0.147045 -0.093446 0.007708 -0.308993 -0.608787 -0.818953 -0.722998 -0.660806 0.595861 0.595486 -0.634216 -0.500945 -0.184812 0.005057 -0.267000 -0.525149 -0.720705 -0.913048 -0.742277 0.403370 0.362168 -0.589692 -0.605215 -0.222727 0.002159 -0.208708 -0.407767 -0.563536 -0.784399 -0.514453 0.480245 0.289800 -0.213264 -0.430074 -0.203149 -0.000129 -0.144326 -0.276073 -0.375305 -0.376908 -0.213475 0.098378 0.084420 -0.091178 -0.237072 -0.134369 -0.001183 -0.084296 -0.155515 -0.203024 -0.183773 -0.105651 -0.015514 0.008285 -0.032765 -0.091386 -0.060223 -0.000981 -0.043834 -0.079460 -0.101768 -0.089761 -0.048756 -0.004418 0.011786 -0.002634 -0.030309 -0.024761 -0.000180 0.001937 0.004191 0.006546 0.008044 0.008530 0.008117 0.009367 0.011528 0.013596 0.005866 0.004345 -0.014044 -0.034263 -0.080689 -0.142403 -0.200818 -0.228479 -0.215049 -0.162064 -0.100576 -0.011610 0.008928 -0.002851 -0.011494 -0.099033 -0.305758 -0.572043 -0.698066 -0.615220 -0.395693 -0.194245 0.001004 0.007426 0.021777 0.047618 0.009386 -0.307411 -0.848121 -1.022888 -0.709836 -0.390841 -0.143488 0.024006 0.007163 0.041519 0.093207 0.135880 -0.173157 -0.561869 -0.451124 -0.394942 -0.201583 -0.031487 0.039040 0.007361 0.046973 0.104599 0.249544 0.423938 -0.038708 -0.158819 0.188877 0.120251 0.081313 0.037188 0.007191 0.036454 0.079385 0.243889 0.717095 0.908640 0.565573 0.541707 0.252710 0.115694 0.015805 0.006023 0.012851 0.024952 0.129701 0.508324 1.324113 1.037256 0.776227 0.339899 0.061895 -0.028422 0.005320 -0.017690 -0.046174 -0.038355 0.238739 0.595314 0.567857 0.856376 0.237133 -0.113286 -0.085547 0.005247 -0.045291 -0.109529 -0.194877 -0.015639 -0.161137 -0.065089 -0.361373 -0.307929 -0.300481 -0.129348 0.004582 -0.058474 -0.134344 -0.259478 -0.341997 -0.550269 -0.504415 -0.656827 -0.404724 -0.346652 -0.125088 0.003317 -0.055531 -0.120640 -0.222876 -0.340527 -0.453762 -0.397053 -0.346264 -0.280266 -0.250121 -0.089470 0.001892 -0.040572 -0.083072 -0.138700 -0.187888 -0.213257 -0.188614 -0.158777 -0.135114 -0.122786 -0.047276 0.001002 -0.024603 -0.048961 -0.078888 -0.102553 -0.112767 -0.101880 -0.086337 -0.071514 -0.063205 -0.023747 -0.000009 -0.001607 -0.002378 -0.002297 -0.000847 0.001082 0.001219 0.001128 0.001455 0.002297 0.001514)
(InitialTransformParametersFileName "NoInitialTransform")
(HowToCombineTransforms "Compose")

// Image specific
(FixedImageDimension 2)
(MovingImageDimension 2)
(FixedInternalImagePixelType "float")
(MovingInternalImagePixelType "float")
(Size 864 1296)
(Index 0 0)
(Spacing 0.1230000034 0.1230000034)
(Origin 0.0000000000 0.0000000000)
(Direction -1.0000000000 0.0000000000 0.0000000000 -1.0000000000)
(UseDirectionCosines "true")

// BSplineTransform specific
(GridSize 11 14)
(GridIndex 0 0)
(GridSpacing 15.0000000000 15.0000000000)
(GridOrigin 21.9254985340 17.8574978001)
(GridDirection -1.0000000000 0.0000000000 0.0000000000 -1.0000000000)
(BSplineTransformSplineOrder 3)
(UseCyclicTransform "false")

// ResampleInterpolator specific
(ResampleInterpolator "FinalBSplineInterpolator")
(FinalBSplineInterpolationOrder 3)

// Resampler specific
(Resampler "DefaultResampler")
(DefaultPixelValue 0.000000)
(ResultImageFormat "nii")
(ResultImagePixelType "float")
(CompressResultImage "false")
