(Transform "BSplineTransform")
(NumberOfParameters 468)
(TransformParameters 0.000225 -0.000600 -0.001158 -0.003117 -0.004954 -0.003459 -0.001854 -0.002140 -0.003305 0.005562 0.013389 0.013869 0.001706 0.003050 -0.028946 -0.045405 -0.055714 -0.049849 -0.018571 0.058975 0.164562 0.254516 0.254656 0.174243 0.077502 -0.005757 0.004254 -0.044424 -0.068671 -0.067447 -0.025721 0.044773 0.183648 0.405082 0.628120 0.615374 0.326292 0.105103 -0.015127 0.006829 -0.069606 -0.111875 -0.120391 -0.083049 -0.132661 -0.115188 0.656271 1.546390 0.823804 0.328837 0.091136 -0.025244 0.010397 -0.096881 -0.160147 -0.224070 -0.270364 -0.415238 -0.169961 0.850394 1.243766 0.178166 0.099301 0.042492 -0.030280 0.014383 -0.122496 -0.206552 -0.351984 -0.528047 -0.734120 -0.326190 0.623401 0.106056 -0.348984 -0.067672 0.008473 -0.037080 0.017439 -0.141341 -0.246510 -0.423267 -0.597924 -0.758988 -1.122908 -0.159587 0.311940 0.020438 0.159122 0.066301 -0.064530 0.018356 -0.148056 -0.261982 -0.423597 -0.550863 -0.592101 -0.709813 0.477293 1.596874 0.734277 0.253297 0.000745 -0.129943 0.018345 -0.148203 -0.263098 -0.399797 -0.457143 -0.267129 0.036841 0.616647 1.474584 0.645079 0.116601 -0.198273 -0.212197 0.019339 -0.150547 -0.269524 -0.415798 -0.477384 -0.371598 0.437453 0.796547 0.401926 -0.182332 -0.481922 -0.464298 -0.270377 0.020828 -0.153015 -0.278663 -0.470741 -0.663102 -0.968112 0.334972 1.153460 0.879475 0.384265 -0.498057 -0.474856 -0.279044 0.020193 -0.143447 -0.264010 -0.468602 -0.727247 -1.225962 -0.362784 1.036045 0.868388 0.831433 0.188758 -0.227312 -0.234706 0.016218 -0.116071 -0.212693 -0.363714 -0.541889 -0.843713 -0.370975 0.707043 0.880769 0.628410 0.341717 -0.010054 -0.156276 0.011113 -0.080734 -0.146205 -0.239505 -0.324110 -0.341824 -0.070588 0.336443 0.560324 0.477188 0.256409 0.050575 -0.086376 0.006155 -0.046155 -0.082231 -0.126109 -0.149132 -0.111143 0.013267 0.162906 0.257623 0.262775 0.179127 0.064730 -0.036131 0.002578 -0.020524 -0.035948 -0.049433 -0.051147 -0.031865 0.016775 0.076029 0.118638 0.123449 0.092350 0.046928 -0.009240 0.001337 -0.010785 -0.018682 -0.024255 -0.022518 -0.009941 0.013305 0.040717 0.062567 0.068370 0.055177 0.031796 -0.002493 -0.000051 0.000542 0.000926 0.001237 0.001158 0.000390 -0.000864 -0.002039 -0.002627 -0.002785 -0.002150 -0.001047 0.000266 0.000172 0.001448 0.001402 -0.006337 -0.021035 -0.035038 -0.045408 -0.049593 -0.046413 -0.035629 -0.022090 -0.010726 0.001935 -0.002986 0.032888 0.060386 0.077085 0.063669 0.012722 -0.054302 -0.086316 -0.054164 -0.009356 0.012663 0.008673 0.012959 -0.005362 0.049870 0.094763 0.142095 0.158303 0.108650 -0.011735 -0.061356 -0.010975 0.059702 0.067760 0.034963 0.017028 -0.008226 0.069130 0.132107 0.228808 0.314744 0.303659 -0.066737 -0.247974 -0.146110 0.275066 0.189355 0.079679 0.022220 -0.009990 0.079900 0.153660 0.278390 0.450013 0.721482 0.366786 -0.199260 0.022476 0.549438 0.308121 0.107465 0.026561 -0.010157 0.079965 0.154419 0.276210 0.445418 0.755295 0.748127 0.325509 0.433033 0.592487 0.276544 0.090871 0.029076 -0.008953 0.069777 0.130948 0.254993 0.431504 0.746578 0.240482 -0.809861 -0.396471 -0.023854 0.035901 0.011237 0.026162 -0.006664 0.051508 0.094383 0.177891 0.298766 0.669775 0.177026 -1.285723 -1.433052 -0.425360 0.028242 -0.052088 0.008884 -0.004012 0.030158 0.056155 0.079140 0.104010 0.223743 -0.405318 -1.302441 -1.372450 -0.190949 0.034518 -0.148478 -0.036443 -0.001798 0.011516 0.025863 0.017938 -0.011553 0.181561 0.124231 -0.356975 -0.238074 -0.090759 -0.331751 -0.323387 -0.114320 -0.000454 -0.001154 0.006458 0.002412 -0.064716 -0.246054 -0.467081 -0.126143 0.744736 -0.277834 -0.541244 -0.508533 -0.203440 0.000403 -0.008160 -0.004810 0.000346 -0.064869 -0.378157 -0.738452 0.156935 0.816296 -0.282017 -0.717244 -0.528379 -0.229993 0.000994 -0.010449 -0.010258 -0.009753 -0.053895 -0.281582 -0.405540 0.337782 0.519458 0.104659 -0.158962 -0.256562 -0.169977 0.000882 -0.008009 -0.008130 -0.007953 -0.022415 -0.098371 -0.045239 0.223352 0.343416 0.220045 0.031624 -0.094185 -0.103927 0.000392 -0.003666 -0.003058 0.000076 0.006376 0.016829 0.069721 0.129525 0.148423 0.119861 0.050868 -0.020307 -0.049702 -0.000056 -0.000240 0.000863 0.006991 0.018976 0.034451 0.053347 0.067821 0.069059 0.052112 0.023893 -0.002032 -0.017701 -0.000094 0.000246 0.001100 0.006273 0.016574 0.029710 0.040106 0.044501 0.041501 0.031929 0.017723 0.004132 -0.007983 -0.000009 0.000083 0.000119 0.000342 0.000648 0.000717 0.000741 0.000689 0.000512 0.000130 0.000097 0.000407 0.000398)
(InitialTransformParametersFileName "./TransformParameters.0.txt")
(HowToCombineTransforms "Compose")

// Image specific
(FixedImageDimension 2)
(MovingImageDimension 2)
(FixedInternalImagePixelType "float")
(MovingInternalImagePixelType "float")
(Size 864 1296)
(Index 0 0)
(Spacing 0.1230000034 0.1230000034)
(Origin 0.0000000000 0.0000000000)
(Direction -1.0000000000 0.0000000000 0.0000000000 -1.0000000000)
(UseDirectionCosines "true")

// BSplineTransform specific
(GridSize 13 18)
(GridIndex 0 0)
(GridSpacing 11.0488899944 11.0088621132)
(GridOrigin 12.9128044942 13.8706394539)
(GridDirection -1.0000000000 0.0000000000 0.0000000000 -1.0000000000)
(BSplineTransformSplineOrder 3)
(UseCyclicTransform "false")

// ResampleInterpolator specific
(ResampleInterpolator "FinalBSplineInterpolator")
(FinalBSplineInterpolationOrder 3)

// Resampler specific
(Resampler "DefaultResampler")
(DefaultPixelValue 0.000000)
(ResultImageFormat "nii")
(ResultImagePixelType "float")
(CompressResultImage "false")
